"","V1","V2","V3","V4","V5","V6","V7","V8","V9","V10","V11","V12","V13","V14","V15","V16","V17","V18","V19","V20","V21","V22","V23","V24","V25","V26","V27","V28","V29","V30","V31","V32","V33","V34","V35","V36","V37","V38","V39","V40","V41","V42","V43","V44","V45","V46","V47","V48","V49","V50","V51","V52","V53","V54","V55","V56","V57","V58","V59","V60","V61","V62","V63","V64","V65","V66","V67","V68","V69","V70","V71","V72","V73","V74","V75","V76","V77","V78","V79","V80","V81","V82","V83","V84","V85","V86","V87","V88","V89","V90","V91","V92","V93","V94","V95","V96","V97","V98","V99","V100","V101","V102","V103","V104","V105","V106","V107","V108","V109","V110","V111","V112","V113","V114","V115","V116","V117","V118","V119","V120","V121","V122","V123","V124","V125","V126","V127","V128","V129"
"1",1,0.342047412070617,0.104398941610124,0.336139373031934,0.122756058949202,0.247661996945984,0.220841231988013,0.193445355680757,0.00895609981795744,-0.0581405367115317,-0.304505942877597,-0.207821610696542,-0.060952665766991,-0.0359835661579343,0.0414826338081075,0.029089143746023,0.0133774682726597,0.0397079797513974,-0.091448270869719,-0.0614350505879704,-0.0192080543043618,-0.163114284846831,-0.0928609047265094,-0.119125982486809,-0.0863550596389949,0.0186415399168678,-0.104700519259993,-0.0288879707886842,-0.0840714658516223,-0.106248215827548,0.058051687082401,-0.180966631203475,-0.184881466931888,-0.245920182479908,-0.262381564882924,-0.0927915571383021,-0.161213302787458,-0.00939024116229171,-0.177297120967109,-0.130781106734505,-0.0211744263209855,0.155333543751957,0.115090045628909,0.105592162278207,-0.160847339799667,-0.0848788899622377,0.0466110739930604,-0.255454460275873,-0.263667572761419,-0.264170098931318,-0.0285781604290391,-0.261222656660191,-0.256971060180121,0.0188070997050873,-0.270745703299875,-0.211667037145201,-0.165888446849603,-0.251334514966298,-0.14559544103043,-0.290395469790216,-0.341685052191996,-0.303767733654654,-0.151951243034225,-0.185388012304999,0.00896591533864249,0.00802797710766138,-0.0085746544486467,-0.0307774342830484,-0.193187766328467,0.114006664976299,0.128987642376503,0.108629427904793,0.0804319985030477,-0.0618636904519854,-0.235155024357035,0.332807573976257,0.150174489495098,0.35024669310081,0.128852262644563,0.346945667287373,0.269749805066316,0.158650599304804,0.13158149580052,0.132798199332065,0.0768258656302466,0.0777704114885939,0.0135881041264422,0.029136962708751,0.0596877024806078,0.0746619818371036,-0.0182394772259307,-0.137352319290044,-0.116554643268116,-0.11954356234311,-0.118217525527564,-0.17476116638582,-0.0778685081805475,-0.0576044703421875,-0.00879198762169568,0.127476637743582,0.23273012783112,0.154139630191453,0.214161893299407,0.139083031980711,0.122944465882455,0.09999025808066,0.122707299831336,0.138407939714279,0.099975790920944,0.0861401901047373,0.0348160451198796,0.180033165559703,0.199616661063362,0.160137689655603,0.237291980846872,0.123801903550861,0.163417599476446,0.0961428677795367,0.137907273131575,0.129360225080679,-0.274359327004661,0.104471225187378,0.0567964646234547,-0.0697320445642042,0.136173325333417,0.0425397391534363,0.000600024678224755,0.12170434667337,0.148586621532838
"2",0.342047412070617,1,0.517983854662594,0.537447838623264,0.254441766377856,0.471055969419388,0.387835467366576,0.388813947767583,0.150444753004983,0.0682440060999123,-0.230593949584926,-0.218606600412901,0.0594081130019662,0.0684544873101836,0.147707144646032,0.146777936419165,0.0945773294887193,0.0463808591781671,0.00419619119295324,0.00293638019834917,0.055666380728212,-0.0560278539630216,-0.0511782821334865,-0.0905504441760417,-0.0542905530195471,-0.0251841849159779,-0.0801154163665181,-0.0134576019810569,-0.0571693769527756,-0.0897323841774923,0.0804992733262009,-0.0582833096080613,-0.118044290568493,-0.100692492314689,-0.19769007952958,-0.150636072470456,-0.20760870999477,-0.0579303292027484,-0.100107634211278,0.0317202171774489,-0.0385569791439539,0.0511215199675624,-0.0687306002608648,0.00438655072977442,-0.151877854930472,-0.0479759760850744,0.0708512333187876,-0.208162551192547,-0.247346030975795,-0.210205767166502,-0.015520779310341,-0.251794686960179,-0.266515822294148,-0.203324690146191,-0.227173259595531,-0.198173742321171,-0.0856276796740154,-0.18541919219215,-0.21019071018094,-0.169542511298724,-0.142116551556549,-0.075115723020316,-0.118983204764099,-0.032411593899707,0.0373991116117815,0.0286212256238359,-0.0584113582658485,0.0718904931890802,0.0833248672050324,0.193187995075183,0.219506223097771,0.151856278479827,0.0731337872419035,0.0402516180031744,-0.161065070038356,0.403702794969763,0.183253639948349,0.31192612219481,0.212781516543801,0.216848824425318,0.163515420784902,0.0384650371005461,0.106388811509562,-0.0169447199292964,0.0688396166036798,-0.091984288499508,-0.0491634447964134,-0.124073852895434,-0.0930928218222682,-0.0759375826179003,-0.150321067788736,-0.170226915727856,-0.120391192547552,-0.137341728598249,-0.103484200255915,-0.105110123987756,-0.0742887057707127,-0.14611475098961,-0.153251046420928,-0.029054147211176,-0.0335844148793688,0.0204648036966508,-0.140041719848622,0.0669160223194584,-0.0331966328170252,0.005292336092757,0.0848234000003739,0.171962687101803,0.124828166482799,0.070360324108366,0.088532888551617,0.0479462550509821,0.0732608467000997,0.143094963160179,0.0612399296203856,-0.0256231998190599,-0.00200409079546339,-0.00528607406027755,-0.00663817968998813,-0.126190462256322,-0.148780349941211,-0.0530335812325202,-0.0814038032558822,-0.0192469511240471,0.0106222385721333,0.0167043570735793,-0.00488938518657442,0.0488825801998816,0.0298504565664909
"3",0.104398941610124,0.517983854662594,1,0.3434048192553,0.133789309215745,0.239459718137064,0.200971742878504,0.18629602994015,0.0739626061331073,0.0113900073657098,-0.0200727765577503,-0.0175732186889433,0.0123505272331861,0.0474118806682695,0.0629310540186821,0.0230720982765073,0.0599172950235468,0.0152110660294614,-0.0371269197463925,-0.0549951909779797,0.0170958995372493,-0.026160111689095,-0.00436714973065697,-0.104684004445735,-0.0685660829211813,0.0141757995824055,-0.10610426196494,-0.0781284054630185,-0.0846970916158812,-0.0586498176009909,0.0812226056045739,-0.0402603755697409,-0.0995509482182791,-0.0465651526721753,-0.129879055522652,-0.0993038456922565,-0.172647994014646,-0.0625906046523151,-0.0229428291055212,0.0781786993404798,-0.02055741933381,0.0429345137800215,-0.0846134704077839,-0.0862206146540567,-0.112156793065387,0.0116148889096966,0.0133769709474734,-0.136686158573686,-0.166542967413456,-0.138057104900183,-0.0426699785674959,-0.162865520032707,-0.135319478765956,-0.154717123042784,-0.16540534280268,-0.14104075019333,-0.0490426091548191,-0.104631705042439,-0.118032609902411,-0.0467852367262878,-0.0198218834508182,0.00630521532299994,-0.0564393641230129,-0.0839921380962513,0.0512416832034826,-0.0263066750625615,-0.028806800868318,0.12686713334684,0.209809511909946,0.187346281145018,0.173332780328344,0.108020218472525,0.0327910343160472,0.0551307963297704,-0.0537800707515181,0.258014402260533,0.131640922013143,0.191495349163969,0.127985922389187,0.10686885205827,0.105756676476913,-0.0269080317591122,0.0522160339687912,-0.0657894810817527,-0.135351979385752,-0.0917968766923373,-0.0521923723786511,-0.122003499183172,-0.121408286153769,-0.117700089513083,-0.126716003091228,-0.0979132931907166,-0.0520692842633137,-0.0458275091635771,-0.0308002994033237,-0.0235318825046338,-0.0504461637310327,-0.116653466930836,-0.126442907443114,-0.0971533891077822,-0.0822230935823342,-0.0123187834300748,-0.119689864416293,0.0198437813368013,-0.0723388037202995,-0.046821815612826,0.128236927294925,0.168572177926236,0.117298859078506,0.100515825144262,0.119688519707881,0.0905181822006052,0.0771559911678845,0.017964280281958,0.0238871606183779,-0.0435787213122026,-0.0128339947270392,-0.0409914346237833,-0.0763484749828458,-0.133962681688472,0.0014163480129051,-0.0486072090805796,-0.0791415526783202,0.0315819005265679,-0.0297623415251226,0.00606296776596918,-0.0129342138377523,-0.00103922054939831,-0.0592149219265032
"4",0.336139373031934,0.537447838623264,0.3434048192553,1,0.584274739299608,0.540845226354206,0.31880025093344,0.539215618117637,0.188306526911676,0.0898920392425378,-0.166694194382315,-0.191917112085797,0.0512444591842958,0.0400282095969365,0.0453797045825554,0.0924835101104384,0.109086069848617,0.0723369170657631,-0.0311211152302207,-0.0782960658782107,-0.0211327182426799,-0.125122646624542,-0.0580139515730019,-0.179091217592199,-0.14145747864552,-0.0393044398949183,-0.179311772099383,-0.0949504277773672,-0.165636612330835,-0.20801290322867,-0.0532358757338049,-0.15065605537293,-0.204952740810434,-0.159819219909558,-0.25088769742328,-0.232275550966052,-0.198161450808165,-0.0749442172704289,-0.11851642544115,0.0268430236312364,-0.105195086579505,-0.0337424361190412,-0.097089545443761,-0.0295086406673021,-0.176248741328765,-0.134309579089556,0.0208766659349248,-0.211588357386748,-0.249152986668176,-0.253018222116373,-0.147900229920433,-0.229702141635056,-0.188848417281389,-0.131002263387306,-0.181325206792275,-0.195583567892744,-0.114365962630593,-0.123548697226738,-0.167425393149393,-0.105562932717308,-0.0907091113824413,-0.0497830200432245,-0.11359835155641,-0.0324338372726929,0.0169116963031624,-0.0647413699201302,-0.0838292161525532,0.0826916290651827,0.106851757271113,0.329195337312787,0.328716298389696,0.209278916931961,0.0720255314164876,0.149978461290838,-0.16242986552973,0.550029635525326,0.371718506307263,0.329683928625659,0.138608820453153,0.295014669951625,0.127126352784381,0.13063753350814,0.185023578201719,0.0570885726817355,0.140985424482327,-0.0153348322030534,-0.0167392837406963,-0.0988966448941754,-0.0781350387739306,-0.10518907124904,-0.115571424652157,-0.165078832419194,-0.181077632515177,-0.108475105367708,-0.0881321518035681,-0.114667243746596,-0.0959311301858089,-0.115487849202836,-0.119534823508549,-0.00299710940240442,-0.0486128728241369,0.0709668635060493,-0.0171016900697045,0.115953356503454,0.0547659162769241,0.0418153426125411,0.0720556180960608,0.272705397473984,0.159608870413825,0.150785975597193,0.0860331925547694,0.203660610868809,0.200776652016995,0.120746481365436,0.108674489974731,-0.00311752264575503,0.0539552085374518,-0.00818679242679804,-0.0214947941352903,-0.0717043981675115,-0.140612585614205,-0.0793175706174093,-0.0848799971578861,-0.0813875985387257,-0.0289489188256975,0.0270898728172547,0.021173695259005,-0.00660534941150022,-0.0149024564114396
"5",0.122756058949202,0.254441766377856,0.133789309215745,0.584274739299608,1,0.315442961435905,0.128121885679195,0.308688950209377,0.148155590835872,0.0668686155407783,-0.16177063388446,-0.251511825999344,0.0835874250286666,0.140548000330502,-0.00961810731416167,0.0771986043331848,0.0882515191533353,0.0209630655634422,0.0748645184734599,0.019783853564552,0.0151020640536463,-0.0378787769553365,-0.0168256399330934,-0.023010516902767,0.00814537805824211,0.0312220608087365,-0.0533954999200594,-0.00314588197700979,-0.0491765686819625,-0.10521825960315,-0.109286621438878,-0.0673458401353748,-0.112680306854464,-0.126688077408431,-0.19768011112009,-0.0847194628507233,-0.197968300048933,-0.0477859943324814,-0.103126323346189,0.0986787945313115,-0.0469951530093127,0.115934026293117,0.0548676949168278,0.00140205993953937,-0.165783211358228,-0.102210377534219,0.103505316504837,-0.187547105982008,-0.19815287790741,-0.155552535994654,0.0303872927860777,-0.175091466780147,-0.143103644533564,-0.163658926150105,-0.103052815937145,-0.123568587884046,-0.0525502897975571,-0.0921014404406843,-0.106450740717896,-0.10265478291172,-0.0898060709366054,-0.0544024869730522,-0.113525987989469,-0.0170646326060677,0.0114770151295715,-0.0446040881092129,-0.00304774237611351,-0.00826901107310994,0.0368483702631166,0.112473153127366,0.138657055695646,0.0805574372023061,-0.0322069584995994,0.0403090466626474,-0.175220821231238,0.231031442345104,0.216251396783858,0.0891147607381698,0.0728473492586163,0.154372821825389,0.0387010466877343,0.0926001382499172,0.107385428339212,0.0385558248918933,0.16049548250385,-0.0467366849497055,-0.0632014769394168,-0.053984758766944,-0.0347002402888827,-0.0293265007506935,-0.0951756355461677,-0.147539794552175,-0.148700342143097,-0.120094295460723,-0.0950644105026182,-0.114998155918776,-0.0830618124473249,-0.108054685351618,-0.076428353823209,-0.00239442517370208,0.0120597280866815,0.0407784750129401,-0.00227553069585771,0.0918370541678423,0.0454801843595874,0.085875542829025,-0.0366325288040252,0.0794940178924441,0.139743739748904,0.00941372454938495,0.0171103470732851,0.0126854269502904,0.0532824023283082,0.04598447171678,0.00305257757801914,-0.0617687175955395,-0.0080933275952492,0.0112906266742837,-0.0172044214060664,-0.0638867679366422,-0.144654411013779,-0.0603810857346803,-0.144334007672408,-0.0925860812157403,-0.0563110653543182,-0.012208412731232,0.00950972923403559,-0.0370520195616822,0.0368658051727015
"6",0.247661996945984,0.471055969419388,0.239459718137064,0.540845226354206,0.315442961435905,1,0.592860602905581,0.874297124474543,0.559265348948688,0.3681318608956,-0.134482439400535,-0.0955452691870317,0.399963912313259,0.303040004017372,0.402047812836053,0.428949874725462,0.298680666656719,0.142363814728108,0.243428224915664,0.222787242781236,0.20500746841958,0.0897370384802176,0.105184706912477,0.065729243728149,0.0920274835672466,0.0167739115862666,0.0756476555474738,0.15053986145915,0.0580417667786481,-0.0659773012031161,0.0781948988658924,0.00593893459580689,-0.0329134598108315,0.0210336515127163,-0.0487912545539154,-0.206583143794505,-0.125310614958996,0.0515845571764576,0.0335523223747599,0.124966962686804,0.0515638337901593,0.0508119721830896,-0.19597293630727,-0.144718953847788,-0.0107974953357132,-0.0744872863605912,0.0235112610076203,0.0144714859341318,-0.0294498451828242,-0.0282123988928849,-0.00566195830063716,-0.0666489752258229,-0.147515662026682,-0.0791671520951714,-0.11196217553295,-0.116496440653185,-0.0059758172638427,-0.0694910278049182,-0.0920596705263694,-0.0471262105361004,-0.0553514034285505,-0.024075538910075,-0.0956968156051897,0.0290752017723762,-0.0296867048730203,-0.0708896050428315,-0.0596236161146094,-0.0849968961000065,0.0207966125996979,0.0834943972497292,0.170064199970691,0.150694223568561,0.106441251638582,0.243586146168436,0.00267475015063584,0.320816331300868,0.112249908268815,0.19057361150391,0.0432476289682718,0.055114012951255,-0.0207100132507354,-0.00856277971127112,0.00829878032921282,-0.132012829050574,0.0561976234163669,-0.20629900944182,-0.140445824118239,-0.280613486207509,-0.248494565016737,-0.215149982679602,-0.291768259691025,-0.289124559582023,-0.229683958841718,-0.2091450195637,-0.169946895037322,-0.237899106721188,-0.207850234006428,-0.281550377544873,-0.301347739864155,-0.17105398974841,-0.188119977480165,-0.056727920583787,-0.0984811399368295,-0.074636860173747,-0.140360775934157,-0.183827963369438,-0.0096434066852351,0.122244052667286,0.192585325417734,0.072633904502784,0.0835900930077452,-0.0262987588380254,0.014038097350944,0.103752630430022,-0.0443300732218387,-0.162882920573564,-0.115023900797162,-0.182966606288794,-0.173957539936817,-0.223981108874621,-0.236296142949086,-0.19575038420404,-0.181995972374869,-0.0761066450525278,-0.167551538429454,-0.0763939293866291,-0.056011392461031,-0.10625646038857,-0.195946024048966
"7",0.220841231988013,0.387835467366576,0.200971742878504,0.31880025093344,0.128121885679195,0.592860602905581,1,0.523633302824737,0.327573570044196,0.1987155292075,-0.127725376810187,-0.0806938552352342,0.18523266072571,0.113621714008003,0.222463489156874,0.190511300001874,0.147213255318176,0.0501665365331948,0.0496123407346378,0.0567541655979044,0.0868086972413395,-0.0221370026974892,0.011940498109803,-0.0399055613057873,-0.0405663148534649,-0.0760266676481184,-0.0207716704077746,0.0364795621743759,-0.0152995714843481,-0.0888505051588089,0.0592545643478853,-0.0257999366058568,-0.0493914458251245,-0.0437386454759776,-0.122945514073847,-0.237587838892071,-0.149488399318186,-0.0260756136578414,-0.0267815312304812,0.0556439217858442,-0.0130497159645881,0.0317425460377258,-0.14393686978792,-0.0632128942639622,-0.0985802390484502,-0.0480362129996943,-0.00366581658622541,-0.0754694110330262,-0.141339254126931,-0.145652841355166,0.059400163294236,-0.170448987862415,-0.186226766576544,-0.0705300693158579,-0.187613004047596,-0.182330689636474,-0.0780198386756093,-0.175531304254971,-0.174667315576042,-0.114195634792053,-0.108670433694551,-0.0656369057335341,-0.0859376265433195,0.0357151454522876,-0.0136561718474206,0.0269402461490406,-0.0204499610607865,0.0419611732130487,-0.0069675702338448,0.138568013965721,0.137405535276575,0.119073144731245,0.0681351690421112,0.135254525585562,-0.0588710174094779,0.250839563808856,0.110288446146012,0.317181932380748,0.106135417070822,0.177269891117789,0.110366712665824,0.115756202894319,0.103398077122146,0.011277913597777,0.0520534691734919,-0.0577492713897274,0.0113618675903406,-0.107011646956432,-0.0925826621518969,-0.113781811003828,-0.134185376038717,-0.20910899444015,-0.142617213131119,-0.130814364642688,-0.116401518909257,-0.167514507933652,-0.139500119664289,-0.207801886932779,-0.192071071182829,-0.0638471963836965,-0.0456007770058394,0.00221453870583436,-0.0300505953346998,0.0634919711404432,-0.0170701107584199,-0.05275127148579,0.123861321709026,0.204437775336644,0.168591332830556,0.155657361852255,0.147937744041026,0.0576648948461599,0.0987529157887001,0.150708261437147,0.0848520059548691,-0.0460805359658547,-0.0113517093090208,-0.10656340797201,-0.124443091465116,-0.167534758645793,-0.183606930431223,-0.16665424106717,-0.138630508519716,-0.060638139334303,-0.0521405430952856,-0.0510227373300714,-0.0754286062144609,-0.00601915759062931,-0.0871217281863452
"8",0.193445355680757,0.388813947767583,0.18629602994015,0.539215618117637,0.308688950209377,0.874297124474543,0.523633302824737,1,0.687538160532798,0.510738781510272,-0.104057860520657,-0.0396909294629138,0.536281045444253,0.37815089401149,0.401640429953338,0.451057319614686,0.362761835829603,0.199555192705488,0.314903243979319,0.254152990292121,0.198138172631961,0.096513705318123,0.0952933893317463,0.0853969630976694,0.124124215442181,0.0386396011750745,0.0716345415001216,0.153959053687227,0.0257696932142502,-0.0801789296482114,-0.0177517872854137,-0.0264020195700405,-0.0683470826259443,-0.00555177254272356,-0.0811683504594379,-0.222839791964652,-0.155166540684397,0.0731944764936816,0.00592121608961827,0.0891633417362303,-0.0217481241926167,0.00380789277258859,-0.215776242353722,-0.193642179137803,-0.0227837221663742,-0.0635035247846908,0.0403250188923222,0.0262925671391119,0.00300489526394553,0.0144679615990307,-0.0228498269029388,-0.0261772400283747,-0.0982164437598942,-0.0551227051089059,-0.0820515972835427,-0.103296538903365,-0.00293342776386391,-0.0164478991638043,-0.0355587807858317,0.0104462205990688,-0.00689380580841681,0.00238631862878129,-0.0656268774892298,0.0892763600978338,0.0360529146628405,-0.0123837577029133,-0.0120779163944151,-0.0441297714468669,0.0412959923714734,0.100492092103029,0.215350694698823,0.188182282295199,0.109705231351926,0.31455216712614,0.0503041602763723,0.253939702382868,0.0638668749882983,0.137894700493903,0.0203285489443175,0.00199441434329142,-0.0271610060096916,-0.0598445821580126,-0.0366790279767681,-0.189764276402875,0.0797020649542399,-0.257677962303081,-0.197264872654426,-0.328381554345171,-0.289015749226001,-0.25338224473016,-0.327881108987168,-0.323501286284499,-0.256174009082558,-0.22110567957991,-0.171539193236175,-0.253724653850807,-0.207705374452591,-0.287528258708348,-0.342681568595438,-0.217240112892471,-0.201500489871267,-0.0908392534980109,-0.0985679640330062,-0.081362848591558,-0.14633773456453,-0.219300998382342,-0.0726420364639521,0.106539733305356,0.184728554576075,0.0835495293801615,0.0933322956387775,-0.0186268500304725,0.0150665237649509,0.0872817860335116,-0.0668434535754373,-0.15717085750843,-0.128477536518837,-0.211993426750873,-0.194927621282905,-0.216636872584104,-0.239517068959607,-0.193252053455185,-0.165761569894371,-0.0665233199781231,-0.16722719167335,-0.074888125606734,-0.0591063450782106,-0.10053960798061,-0.22961950212036
"9",0.00895609981795744,0.150444753004983,0.0739626061331073,0.188306526911676,0.148155590835872,0.559265348948688,0.327573570044196,0.687538160532798,1,0.719856039771146,0.00564195875798222,0.140755410281823,0.82018746293079,0.570986088872143,0.456350792300642,0.55748899263231,0.476589739524141,0.264115932025659,0.558471999392026,0.455399769450553,0.304893066947219,0.268720326445971,0.197035945606953,0.288389016872236,0.284320623666604,0.0543898582026372,0.250595722555726,0.256991800069697,0.176976257352135,0.0845200354873002,0.0131306968421059,0.0868597211722999,0.0508838138720256,0.0792388596071542,0.00855865172603414,-0.0806044991345012,-0.0865015916656147,0.157761174436093,0.0364482369880679,0.0466960519147054,-0.00654879318944533,-0.00841937743749968,-0.202668842400922,-0.24667918267895,0.0734387838155513,0.0943835989348088,0.0926120905196618,0.179696034233379,0.167228167332243,0.226298094990556,0.0680930322919417,0.12769848316603,0.0396961036247184,0.00862633634573515,0.0111184743503387,-0.0128860892283563,0.0415816396616805,0.0415092408438918,0.05227083384079,0.0714246957532554,0.0319812982540225,-0.0140894625659031,-0.0573474111506198,0.163515332351737,-0.00865084081010902,0.0602786800845631,0.0728470019275433,-0.0823257061750199,0.0200212345710003,-0.100088810888693,-0.00196888083110216,0.07206320403927,0.0656035892616518,0.180558595091996,0.139166039137764,-0.0370724119323285,-0.108064884454305,-0.0860497098467615,-0.0993609890339368,-0.194526232260675,-0.130872031633357,-0.172658672854673,-0.216628528338423,-0.339018283822926,-0.0344263777329502,-0.371287539502837,-0.271543445022457,-0.405336787526654,-0.37352732198603,-0.316005307869802,-0.390350164959738,-0.312463562654384,-0.224803249632135,-0.247750610253848,-0.195366572735097,-0.233275026372175,-0.2044115604032,-0.278309551421946,-0.373227173145469,-0.31814303337596,-0.279026049616183,-0.134455009919333,-0.168999312600002,-0.191225167580298,-0.25312589303672,-0.362859533780029,-0.18780546528272,-0.0915345348847276,0.0654948329571385,-0.0270888909314708,0.0650423176856921,-0.152966590387849,-0.104379113550556,0.0158391568404506,-0.181412005583387,-0.201261046986661,-0.20142805038156,-0.272448011305953,-0.26504160532761,-0.238331104019886,-0.242328006583966,-0.184813140985416,-0.161009794963275,-0.0791702163867857,-0.183833588992821,-0.0813989119757395,-0.0586569567174159,-0.130429422492263,-0.294403176790578
"10",-0.0581405367115317,0.0682440060999123,0.0113900073657098,0.0898920392425378,0.0668686155407783,0.3681318608956,0.1987155292075,0.510738781510272,0.719856039771146,1,0.0666162294637515,0.237852472306378,0.892538130438055,0.598837783526899,0.379432137746003,0.432885278432553,0.37749142512031,0.231851420763303,0.594606214165531,0.429721036186604,0.246322988250279,0.196458235030286,0.124563011696862,0.289356299902912,0.315878852623789,0.0938433133278119,0.217507594411996,0.228834661468809,0.11530789383587,-0.00929424854925875,0.00406209116443584,-0.0226750146656103,-0.0105003259025516,-0.0351965359906618,-0.0826105617184023,-0.0392234861206359,-0.152922412866817,0.188007149568195,-0.0389623925816662,-0.0263417186359418,-0.0175777432406548,0.0401326516018036,-0.103774775890386,-0.156710617163481,0.0445765886845835,0.101281620510949,0.165332005823866,0.142538315321638,0.132678267411684,0.216208345942489,-0.0222966304713062,0.0939520340188368,0.0232799560859288,0.00403095442979751,-0.00954676227546156,-0.0749814185903791,-0.00138128489852479,0.0408174901242985,0.0441096370470946,0.114748257453147,0.0678310658036314,-0.0193404169574502,-0.0328179656894938,0.179224614571703,0.0945253182288395,0.103237687864436,0.0763391770306232,0.0203563788699224,-0.0100302739611367,-0.131960518638196,-0.0351192538886102,0.0206157723671047,0.0205629893120034,0.190446632093273,0.181264297261155,-0.13720791158727,-0.122479827398082,-0.162778698568388,-0.0482128290767023,-0.253403373523525,-0.150825357115268,-0.215654542541559,-0.289417387795012,-0.357104619604215,0.0261386610982843,-0.39151725190086,-0.324185227072109,-0.37807368396607,-0.304325106000756,-0.279580822781187,-0.354811405593983,-0.232401359282431,-0.118539792326121,-0.158027394117522,-0.121783371152451,-0.185230418090407,-0.164882377798423,-0.250960421574819,-0.34788221471802,-0.326376624169925,-0.251374935077966,-0.20536096320908,-0.204964394994502,-0.186866420079623,-0.238332624123549,-0.314405372600094,-0.248923817648738,-0.152572279266525,0.0394276686564021,-0.0553713464939011,0.00769351955167536,-0.182211876669409,-0.150144377133454,-0.009343802192066,-0.189065865096038,-0.190830658759243,-0.202826421310381,-0.259716634390157,-0.262938499972006,-0.235959357170026,-0.21972707218585,-0.160225161159594,-0.143738896001499,-0.00357562040514062,-0.191533424494286,-0.0966177974645773,-0.0488996671044932,-0.146899986979795,-0.3048402624543
"11",-0.304505942877597,-0.230593949584926,-0.0200727765577503,-0.166694194382315,-0.16177063388446,-0.134482439400535,-0.127725376810187,-0.104057860520657,0.00564195875798222,0.0666162294637515,1,0.584425955387637,-0.00058466028812133,-0.185794390369543,-0.0512413907867459,-0.0715174214092556,-0.0961035810883164,-0.172733557700462,-0.165195220504251,-0.161902879518657,-0.1199279276118,-0.0672339349052351,9.00780458861926e-05,-0.222641605948637,-0.182428296282817,0.0974715803941215,-0.233904938534378,-0.229657498712163,-0.240601836086015,-0.0660213583425601,-0.0634806155884318,-0.0462199834035125,-0.0820935708992246,0.161808475626269,0.229862825037969,0.069126609261351,0.326512066373626,-0.264352467293136,0.10735906693317,-0.0160836246252911,-0.0429098130839192,-0.29086440548167,-0.0525405424533869,-0.0771514132062152,0.166390102552013,-0.0888514724697593,-0.292128786567953,0.259986490603858,0.271784574923299,0.121046553086262,-0.0908579649701633,0.302304264762548,0.318666562442701,0.242340430963766,0.368542167849015,0.34043133580752,0.188286863662755,0.354525927998299,0.300976089465788,0.332292875925493,0.40773544946101,0.407338342072369,0.365977529338614,-0.0616739394658309,0.0318964585153071,-0.182844135319504,-0.0232212932743157,-0.0334189460094087,0.107311739592353,-0.0595770439747185,0.0288060273276494,0.0530840197109664,-0.030681528224723,0.264441861328837,0.363931126676572,-0.0998172095390601,-0.0316219838794362,-0.154795134086186,-0.0194846098181635,-0.216252480776486,-0.172252596432546,-0.12215213993753,-0.0937593119675529,-0.20519535597267,-0.351507911296361,-0.131120733953733,-0.0350711933233062,-0.0993687373708011,-0.0930974303041819,-0.0849768728633407,-0.0489135174288103,0.0424353426397028,0.00153525865164851,0.110468448191854,0.0519221776572251,0.129283202194195,0.076995741249203,0.0352990775570376,-0.0649057944950511,-0.202255407488418,-0.160430376561524,-0.14283329923578,0.0116675700048198,-0.160174108940404,-0.0677480983152893,-0.155845442478994,-0.0639517347116101,-0.194052975392832,-0.243771637881721,-0.107788925630132,-0.165096217508823,-0.0911505551723402,-0.0948371569723973,-0.115724514336735,-0.1244557800112,-0.0920420127780682,-0.0695135112719684,-0.0168028014609747,-0.0751929801239446,-0.0235901942770755,0.348282694742464,-0.042559776961584,0.0127445451269784,-0.0103590066633234,-0.0284534285393642,-0.0627061423987,-0.0481771355298828,-0.0382485297125936,-0.0510581308237894
"12",-0.207821610696542,-0.218606600412901,-0.0175732186889433,-0.191917112085797,-0.251511825999344,-0.0955452691870317,-0.0806938552352342,-0.0396909294629138,0.140755410281823,0.237852472306378,0.584425955387637,1,0.203382212751115,0.0714048648462648,0.0801147339805589,0.0453972473726054,0.00708756645883112,0.0208567111289347,0.0782542298706279,0.0528522859519544,-0.00996380043998574,0.0586913559719898,0.0235373435102287,0.0576122295661464,0.0512065831175463,-0.0300655245099101,0.00983361236643785,-0.0286663193487729,-0.030169966987271,-0.0298267343420362,-0.080102416605495,0.0345064678921073,0.0546674760069523,0.0977189903022616,0.145515130312623,-0.0713446210650533,0.136292755286062,0.00701567555140095,0.0972924972557568,-0.0260255953494169,-0.0889097187297894,-0.186107930079542,-0.195768047766486,-0.313519845890601,0.199991719697522,0.205185468072139,-0.0825428938295713,0.366500224356514,0.358015420672205,0.2454306586984,-0.1086098848823,0.337662088921023,0.381243268815073,0.284787718131551,0.214019217442823,0.121413131912111,0.138861117466638,0.289467922387192,0.308488064612605,0.265221959093949,0.212356917724551,0.179454819831648,0.0701135692413981,0.195482119467977,-0.0135170329399303,0.0629839249229401,0.170477200856877,0.0232498502194534,0.104076909150803,-0.0820642187352346,-0.0305602668887575,-0.00462910465384804,0.062647137967629,0.193799535225358,0.371856665093106,-0.172221779790955,-0.139469644035672,-0.203960298972367,-0.192655736788308,-0.285621236576096,-0.203311831348,-0.208221286062807,-0.227534356225852,-0.290479044623908,-0.429489486425723,-0.222030218648908,-0.121124923944343,-0.253479265062401,-0.216916889091646,-0.178304970298191,-0.206279810316212,-0.0577477512720958,-0.0328332296391253,-0.0821375537477925,-0.0657654525271594,0.0152334350569496,0.0487380165472159,-0.00874719218958642,-0.1270922924108,-0.212212943836199,-0.300800831540521,-0.128394025202615,0.0311903473994032,-0.131401114784274,-0.0519429789978877,-0.204380061822444,-0.163285141213009,-0.143918999501354,-0.179125978850851,-0.00688643507108922,0.082682984733917,-0.0610568826608402,-0.0641821994666606,-0.0166827091871454,-0.117335569757591,-0.113423333345298,-0.0804122371182959,-0.0932925209992108,-0.0870868239823571,-0.0145543325277972,0.0117680720201837,-0.0018595387977351,0.0434311801374855,0.00459605083435607,-0.0382557955416733,-0.073097293272751,-0.0542442459841024,-0.0499037269765272,-0.116145012932484
"13",-0.060952665766991,0.0594081130019662,0.0123505272331861,0.0512444591842958,0.0835874250286666,0.399963912313259,0.18523266072571,0.536281045444253,0.82018746293079,0.892538130438055,-0.00058466028812133,0.203382212751115,1,0.728864940265317,0.431092875588008,0.567806967582294,0.469573577888138,0.284803051258095,0.716186732307434,0.568066958659178,0.352547533047958,0.319926364928388,0.222866448697126,0.412367320001935,0.411406332210519,0.122559028309708,0.335125246218567,0.321736368179824,0.230368388487209,0.102005931553895,-0.00735483490988814,0.0933295213764473,0.0974978383127388,0.044817221578191,0.000966610181267949,-0.0114067856530661,-0.114759584171802,0.246943035676217,0.0189303125908766,0.0155478131911658,-0.00662846462782878,0.0495588936940432,-0.151731481837808,-0.239464013471574,0.0803932727416772,0.150379512188252,0.16077805373915,0.222225901001227,0.229928815336407,0.333483055542674,0.080780145914727,0.189242452265703,0.083610422943195,0.00970454555974384,0.0514061221323316,-0.012401860990524,0.022874686192347,0.0626995970863393,0.0916237950106515,0.0876325494635735,0.0334691291730328,-0.0487199467980298,-0.0573390275577483,0.211602652679485,0.0163355052113742,0.0944500309811324,0.0804047351403471,-0.0606046032617473,-0.0207083882806467,-0.18721147378519,-0.0777443647023443,0.0158172915172357,0.0406797985519698,0.150596752271826,0.145036324988792,-0.172995614908344,-0.178029322202781,-0.216227931377265,-0.11283079861661,-0.320690544460718,-0.19945167614579,-0.246440222038577,-0.315740912628028,-0.415148796580277,-0.0477163891242122,-0.440164143243058,-0.330222562957463,-0.424108196268228,-0.355786840681386,-0.299011767007921,-0.404142867740533,-0.278494558490548,-0.16005879179222,-0.226600223449497,-0.160640179737021,-0.24258498694876,-0.21095475033717,-0.298515971260035,-0.394672353713165,-0.37210322624488,-0.29429758024361,-0.212200008573445,-0.210036323134751,-0.235959478503632,-0.287280824691143,-0.367688914038348,-0.30163180259942,-0.201331925377142,0.0445461537795798,-0.0913214968634172,0.00951725359642687,-0.242077954938474,-0.186953139681724,-0.0229528446500705,-0.245116161896277,-0.228329005309137,-0.257877801590434,-0.314424486902868,-0.313966133188497,-0.262920129139757,-0.255195886344782,-0.195866280485276,-0.166180189997344,-0.0250557649202378,-0.222205911742335,-0.113008552798175,-0.0668798492675014,-0.164441530465157,-0.328430453571221
"14",-0.0359835661579343,0.0684544873101836,0.0474118806682695,0.0400282095969365,0.140548000330502,0.303040004017372,0.113621714008003,0.37815089401149,0.570986088872143,0.598837783526899,-0.185794390369543,0.0714048648462648,0.728864940265317,1,0.31072801584385,0.388425367519709,0.34776316115528,0.260941522578582,0.651411999587664,0.512673444047264,0.261368773879438,0.276156719376813,0.149654781833785,0.413273354766412,0.44447656940307,0.197175454383555,0.315717215461481,0.316055720929835,0.22284862069392,0.0973806699933712,0.0119276300789914,0.0617455256246389,0.0766729570261293,-0.00777804042471498,-0.0288740414173435,0.0512049676702276,-0.106208620250972,0.307253307018874,-0.035216920177161,0.022720644146658,0.0214306913361669,0.150514183383247,-0.0546206392898962,-0.168803727309842,0.0730627967637879,0.178915008672363,0.232322367849218,0.124087682809621,0.134518693325006,0.260201019491644,0.0884051771873133,0.115151037668927,0.0266232310353827,-0.105649510194016,-0.0363548117402304,-0.0606889348674829,-0.0505911198008398,-0.0618984025779971,-0.0264719939799795,-0.0322216040707228,-0.0815756242197031,-0.167664917734108,-0.148437341148016,0.168215764461964,-0.00899634617414994,0.0748587679038865,0.0252877376107426,-0.088404965450267,-0.0386519848121408,-0.135385505553874,-0.0648423171370829,-0.0073858215863043,-0.0215448714988588,-0.0199890280361731,-0.00835105673654053,-0.148637974137607,-0.13671219038235,-0.154486209289796,-0.0946436281797689,-0.288385842788349,-0.152032111731459,-0.206425410574609,-0.210651913843361,-0.357423243390912,-0.0305441929556591,-0.362574937201871,-0.258190286124999,-0.362946862982945,-0.298756628742459,-0.238033522324452,-0.360089209058932,-0.245638125256486,-0.157644437350046,-0.222932454346483,-0.204512669928404,-0.191620930075349,-0.148555602086797,-0.235703468956263,-0.315327802916843,-0.274304560628727,-0.232813941822207,-0.127301297396071,-0.20249475090871,-0.197493744059657,-0.243063394839317,-0.284395672807795,-0.263055712045995,-0.146770733990333,0.0284181604215164,-0.0460352097753903,0.0746026775707136,-0.157356734113605,-0.102846270492573,0.0431114059525912,-0.159949101551451,-0.167511255680535,-0.186596820807625,-0.248105954426543,-0.235459426197668,-0.182788581795719,-0.250573908669546,-0.128427165763881,-0.105587487772875,0.0136500016749284,-0.142161665191423,0.0100401060467446,0.0453376276886694,-0.100076731720187,-0.275219428992922
"15",0.0414826338081075,0.147707144646032,0.0629310540186821,0.0453797045825554,-0.00961810731416167,0.402047812836053,0.222463489156874,0.401640429953338,0.456350792300642,0.379432137746003,-0.0512413907867459,0.0801147339805589,0.431092875588008,0.31072801584385,1,0.522418362902149,0.213305094606155,0.0976153136252117,0.362196193146785,0.450426253534476,0.339008006313824,0.239085338331113,0.189112436665933,0.286006123652433,0.271621589555149,0.102207509034754,0.279827911467576,0.283293470809891,0.241795692707798,0.0901227087665434,0.0956797569633984,0.114420851039555,0.0728612052759982,0.0820706311228588,0.0989887143050321,0.042836619770238,0.0300044355310795,0.135630212403629,0.0621875986969586,0.0685546187403721,0.0716600250976109,-0.00894669954182016,-0.12541554564709,-0.0878499496539878,0.0793069799496869,0.017979158328566,0.0200811156222369,0.151723440475837,0.117482368583691,0.163170896324627,0.0460612431462887,0.0784950379044684,-0.0447625681940948,-0.0266593010556573,-0.0641458040653984,-0.0381721537017826,-0.00331535822954179,-0.011121581408923,0.0180723371581483,-0.0220235991999986,-0.0492801695497505,-0.03254839240326,-0.0619950629399442,0.029199226150951,-0.047190086827453,-0.0506539686680506,-0.0101657493435791,-0.168210439751632,-0.0687663672854168,-0.114361871341019,-0.140181472813232,-0.0736521334128219,0.0559078635147556,0.0654621053341556,0.0481221192158979,-0.0606637138602403,-0.13227938632844,-0.0560001588626581,-0.0226104242990831,-0.214373954492797,-0.0272290776368952,-0.179316177034505,-0.219189499143213,-0.266229178263664,-0.0731119057882533,-0.276276982642835,-0.224204230567079,-0.249459117800221,-0.233571828530445,-0.201288715274403,-0.22345793756665,-0.145231193205425,-0.058824229914569,-0.167570323355394,-0.116462024252366,-0.126486414147132,-0.0913604937429088,-0.174265261200951,-0.214860065689321,-0.211121498527011,-0.154208592326737,-0.143513206715823,-0.161224554721374,-0.175813102419825,-0.139279375923106,-0.276306753018536,-0.184437152279364,-0.141641165420842,-0.00682057016112297,-0.0974806050968935,-0.0167210848453628,-0.154371575133209,-0.13254598457164,-0.0105030295343451,-0.163022447226108,-0.140203808508277,-0.183976264529904,-0.22932843614701,-0.155461002792491,-0.118926379501068,-0.193957930944238,-0.0730382898545406,-0.104716999879005,-0.0214215777342193,-0.175905743816749,-0.113708969945917,-0.080641544956026,-0.143765343327272,-0.236921295242101
"16",0.029089143746023,0.146777936419165,0.0230720982765073,0.0924835101104384,0.0771986043331848,0.428949874725462,0.190511300001874,0.451057319614686,0.55748899263231,0.432885278432553,-0.0715174214092556,0.0453972473726054,0.567806967582294,0.388425367519709,0.522418362902149,1,0.678227612767727,0.215040318300201,0.600147427706916,0.669896011203534,0.615873028691187,0.518023296351077,0.482989455503947,0.501433671988392,0.43765439819691,0.233400890143584,0.493158783337335,0.390329428468367,0.427336764806073,0.304025747731818,0.121100544138029,0.276509201588017,0.26758810347374,0.256008171979251,0.215703331141576,0.0665355900951169,0.0109631807164199,0.170317585463543,0.112292885065557,0.123482458183345,0.0509437617812149,0.0271171114456776,-0.118046129559711,-0.185705777386017,0.0409445767645131,0.0711709293350349,0.0641050922269815,0.185838190119942,0.216114939006825,0.333301786594141,0.182012112491029,0.194036993926813,0.0622709962064994,-0.0300522247526861,0.0581572179498027,0.072666213652482,0.0497878853888573,0.0723193777907393,0.119441501929189,0.0179644410032047,-0.0256899896772908,-0.0693789617934146,-0.0295183854936208,-0.00497286627576653,0.0219632688883146,0.00383534482723634,0.00997973670313222,-0.0783658072083845,-0.0355771938312066,-0.109800189063381,-0.0754636557242924,-0.0239619219349672,0.0556566370594792,0.123323787907154,-0.0296264066073213,-0.00291849878964557,-0.13695749200338,-0.0595663436265493,-0.0263531732096875,-0.171440805322998,-0.121200364727842,-0.165965722447024,-0.232510443806209,-0.330534650872026,-0.108492066638971,-0.365958754881391,-0.259117151397389,-0.381812864160116,-0.36449643421415,-0.324666208729513,-0.378262227926739,-0.332333628303627,-0.209629431560989,-0.283444202068973,-0.212965222620222,-0.285740558774899,-0.236740027469295,-0.326850940387657,-0.378350196457811,-0.329646513752635,-0.232717901660455,-0.168142411566882,-0.19076569417102,-0.266476420415633,-0.260407048626428,-0.341689938829141,-0.195711655202007,-0.0915442658792241,0.0554548432288954,-0.107357963326425,-0.0273180010382071,-0.193724644354473,-0.16888747579138,-0.0703482325639559,-0.283993594177254,-0.273769604254271,-0.32488725341153,-0.406336616854063,-0.350089675257698,-0.283737344412585,-0.260851513340724,-0.31452736946311,-0.257560199174972,-0.141385744755654,-0.301492089968355,-0.200141371930778,-0.147864299903291,-0.19923350173271,-0.329801335455475
