,V1,V2,V3,V4,V5,V6,V7,V8,V9,V10,V11,V12,V13,V14,V15,V16,V17,V18,V19,V20,V21,V22,V23,V24,V25,V26,V27,V28,V29,V30,V31,V32,V33,V34,V35,V36,V37,V38,V39,V40,V41,V42,V43,V44,V45,V46,V47,V48,V49,V50,V51,V52,V53,V54,V55,V56,V57,V58,V59,V60,V61,V62,V63,V64,V65,V66,V67,V68,V69,V70,V71,V72,V73,V74,V75,V76,V77,V78,V79,V80,V81,V82,V83,V84,V85,V86,V87,V88,V89,V90,V91,V92,V93,V94,V95,V96,V97,V98,V99,V100,V101,V102,V103,V104,V105,V106,V107,V108,V109,V110,V111,V112,V113,V114,V115,V116,V117,V118,V119,V120,V121,V122,V123,V124,V125,V126,V127,V128,V129,V130,V131,V132,V133,V134,V135,V136,V137,V138,V139,V140,V141,V142,V143,V144,V145,V146,V147,V148,V149,V150,V151,V152,V153,V154,V155,V156,V157,V158,V159,V160,V161,V162,V163,V1641,1,0.362031916658974,0.667407160975522,0.399855714176967,0.299180404710388,0.188475683540798,0.368243090895855,0.318608879664241,0.341662848912783,0.324286471688185,0.338895799443102,0.138872813492882,0.0920559757472398,0.235372874652025,0.114908279356574,0.202413831215739,0.225640251044844,0.204220293385396,0.022706826800901,0.127913651179919,0.110661183052075,0.0437565047649892,-0.0470581997903892,0.0684829166089302,0.131324187516992,0.0729877370477193,-0.196859186421426,-0.124002277866619,-0.0124700334762692,-0.0812301145716265,-0.0758118108678731,0.0278357291239293,-0.00334586956677598,0.0226659468055425,-0.059927146079951,-0.101207275316032,-0.0938349768651031,-0.0310332631253608,0.12589411429544,0.0435417895998586,-0.0812778772531663,-0.045473151845465,-0.123344854582456,-0.00573257309342333,0.0373920114394392,-0.0196433168506435,-0.0317751171350677,-0.02103920523568,-0.0588142058725774,-0.0708760261235961,-0.0266466091335965,-0.0244829126736846,-0.0886808101061017,-0.194273831606624,-0.0707787014131346,-0.0691086311270409,0.0539380868586666,0.160541688823456,0.184830319578621,0.104053301190989,-0.0286687624442708,-0.197835083793337,-0.163964898528759,-0.0817083688884546,-0.0810908173234124,0.0409937611885173,-0.0711565966931486,-0.109845047007558,-0.125046086285858,-0.103433578886633,0.0405973080026518,-0.177977138941551,-0.139523674940475,-0.0777158698641501,-0.0866909172085783,0.0745602498566879,-0.145050330871013,-0.137321586575598,-0.0602938414082972,-0.165753230831117,-0.0315751088177957,-0.09373255268937,-0.0550125393404922,-0.0948577630334552,0.0494636257295564,0.00798379552277937,-0.147841854809317,-0.109187350665103,-0.0682291147173102,-0.0820317451434615,-0.130842101858932,-0.111505274443833,-0.0500811546808816,-0.116967241209116,-0.137587247680198,-0.0488119315760317,0.00495517149543935,-0.0421958289699075,0.0902122667483427,0.0130122352607507,-0.0707497169279722,-0.0599336157094677,-0.159488540748585,-0.137427315015675,0.0636870065390264,0.0180501870800043,-0.000818768493922357,-0.0155378659638084,-0.129651476103593,0.0830946498405059,0.0543396926220762,0.0992066594068967,0.148698132708545,0.110698859992108,0.0278989566508741,-0.00336799147025184,0.03431244680934,-0.0735601300783963,-0.0308878618465156,-0.0492014900313919,-0.103680125865787,-0.0529369956997853,0.0773340636667591,-0.0715306497383567,-0.0455541121236092,-0.0770447092578489,-0.0204985237969932,0.0474120205537843,-0.0983836965598597,-0.109253752396577,0.0132987235696069,-0.117947300229303,-0.0631687519362704,0.0213803759127772,0.171334584492898,0.050111266683126,0.00985349579623925,-0.070637955538262,-0.146812687736432,-0.121020818348172,0.0985169833515187,-0.022200438257256,-0.062747357790804,-0.102901587255393,-0.174839582776196,-0.108878420932599,-0.00198899675491127,0.0264720717690056,0.0447073652966596,-0.0589079513261704,-0.125188720727327,-0.2208744440422,-0.0953559162119913,0.0434910791524781,0.00715490967272635,0.0891746339880905,0.0929241614464685,-0.0610319849084061,-0.137822948615489,-0.161674772584256,-0.154399525291468,-0.250448312308095,-0.216139941124408,-0.1300169081199912,0.362031916658974,1,0.662647008529605,0.467658437931561,0.428155469087482,0.0644573124648554,0.45011024554095,0.291975574860085,0.492278424849478,0.396417198890859,0.490539385353818,0.213886406039521,0.115607515299708,0.212046415027173,0.0704824603874454,0.299742742534311,0.234261325787632,0.376595794613194,0.294672544357937,0.398669980351671,0.424908670650253,0.0883532694351538,-0.0421263120897521,0.316758056032329,0.197061652754266,0.201348883030432,-0.0204037747622296,0.0219647192152063,0.118676441230872,0.0298628752441634,0.015099884497078,-0.155505539770651,0.0438069593191262,0.0214220564927945,-0.0685859906910567,0.00176030835824517,0.00772542050291767,-0.184687732697974,-0.0588570085429082,-0.133398825685479,-0.110176617582686,-0.0647451416064061,-0.108818482799199,-0.0368117491647832,-0.0676730237239779,0.0296888869942891,-0.0901536067516741,-0.0943882216441188,-0.0228836219173403,0.0211496634733582,-0.198552210515917,-0.19765433602956,-0.18287698350773,-0.112796287656588,-0.0852093753830006,-0.226645510584131,-0.185719020958153,-0.0588704337920383,-0.13778902148791,-0.274814118989073,-0.0416297996914205,0.0295213378570295,0.149079092698164,-0.0795392431530691,-0.124260094291129,-0.149651788407828,-0.177356710223835,-0.121442548696197,-0.181713328463376,-0.120227125066137,0.0682694677445647,-0.124988315932012,-0.200207127246578,-0.230468018114579,-0.162556685436754,0.0325146998579322,-0.142693780953536,-0.0988257129534578,-0.109803479534067,-0.088894821404676,-0.187336179796355,-0.232856604020766,-0.134716359795558,-0.166605399412507,-0.0088607375534899,-0.0432758763641318,-0.157411974907171,-0.101790718047349,-0.0598453276864832,-0.0744050791335494,-0.0820855281351041,-0.0455699473117295,-0.0131031904265355,0.0140248593599641,0.00750130515202043,0.108381885677369,-0.0445750969728049,-0.0757960398794009,-0.075801209881404,-0.0517274128246323,-0.065697434512889,-0.0322258402348365,-0.175525798481531,0.0600235237210622,-0.00160313774393462,0.00304046049388241,-0.0168653876562973,0.0536288420463665,0.0198372909927327,0.00561143395767836,-0.0027023854572579,0.0215303635562009,-0.00557206475837652,0.0321309528102595,0.0752163246793248,0.053315973910551,-0.0208940246169669,0.0896282450842558,-0.0254330304659146,0.0664399299007732,0.0889909921742355,0.0860394275735715,0.0797799308874351,0.0333895801721055,0.0620649186416412,-0.0447722820716662,0.155251450176085,0.0463400071908927,0.00563086546767451,-0.0201062190499844,-0.000634456694095078,0.117396104062084,0.0577131047183023,0.193995179607793,0.143790327249657,0.0558432713150663,0.0588891046503332,-0.00720415627207561,-0.108396774443845,-0.0245604028052918,0.0834086066827895,-0.0484147845169032,-0.0788326380855481,-0.145433556898994,-0.221212884336755,-0.206090804115177,-0.197328199771756,-0.123489640825226,0.121855429364772,-0.263967826435062,-0.238611696592048,-0.255398355682779,-0.307032215320849,-0.137932369623827,-0.110344761229206,-0.207670490777232,-0.116135401742186,-0.0678146525973937,-0.181980663032995,-0.154540803213745,-0.278752892665848,-0.26579866719838,-0.194705836637698,-0.1684688611123793,0.667407160975522,0.662647008529605,1,0.771573184269268,0.647189717646937,0.325234667823764,0.676192326797512,0.525095292286395,0.648591663838361,0.542038571257188,0.619871344182838,0.398325590578206,0.0977078087710175,0.420972125669538,0.136175206341194,0.373589499933029,0.300395544316756,0.406304985983357,0.141609392762745,0.33507345257507,0.259008808032264,0.183290562265949,-0.0324986639336659,0.194218876392808,0.235545604469161,0.252260589789618,-0.111468543800043,-0.0413588234798876,0.0320469760231089,-0.0114555438772304,-0.0045536241692644,-0.160627852413862,0.120286124372333,-0.0265024601493141,-0.145832133032953,-0.0920449241047824,-0.0673089049712027,-0.21736394083144,-0.10324313272637,-0.121032586981068,-0.25733101195704,-0.161997161368373,-0.207227664618237,-0.148469897653703,-0.0134770628618553,-0.149494983102184,-0.127581500464095,-0.124342619001698,-0.165288469403348,-0.182659515642396,-0.103457034713625,-0.0784247695310496,-0.21812130611586,-0.231916990039034,-0.135255696615254,-0.189799302203633,-0.104412768188496,-0.0294361102784422,-0.0847865355825761,-0.141584860913851,-0.030792023475285,0.0163248369684974,0.0848977104167689,-0.0586846211175014,-0.147598001783708,-0.023753439673819,-0.201781279148009,-0.130842689268522,-0.211831405587013,-0.179861086761182,0.0606317971830512,-0.208884774489383,-0.215525109232106,-0.158834520460817,-0.105333507333504,0.139017151666539,-0.176153342222763,-0.135321566470306,-0.0695798829283251,-0.186395049203186,-0.135426368888589,-0.215418689578106,-0.0957550020136579,-0.18022942463778,-0.0325933978129858,-0.128721522558397,-0.238417954393431,-0.211876453439731,-0.0895874865290872,-0.162451612174104,-0.203198940572333,-0.173491343354155,-0.0973686765088908,-0.144256609345565,-0.137741396660608,-0.00715875221170776,-0.0680227856760569,-0.0813121610666221,-0.10478620014857,-0.0990668195431934,-0.105762954867382,-0.0856277408778106,-0.17154087855377,-0.0620422307669657,0.015699507496583,0.0101548914891923,-0.0602003230706245,0.0125122106187257,-0.0813637451398367,0.0115544059642109,0.00745488529392114,0.0313513866599139,0.00441909692207694,-0.0144077731471402,0.0448778678965232,0.0298343177291288,-0.0263756128366923,-0.008486349519595,-0.100179236971685,0.0544667764136595,0.0624378442109043,0.0664185602194774,0.0970820682624272,0.0271094893506216,0.0239887136755891,-0.0425347698872797,0.0991415653368632,0.0992547292154212,0.0367461228426176,-0.00382122929366735,0.0637524960427806,-0.0251108758133104,0.0666883524423236,0.115301650044022,0.184690814547264,0.130629519233735,0.107126232566015,0.00683696018838485,-0.0991055711129055,-0.0534914432197757,0.173582293219762,0.0491342733528419,-0.0507601204735728,-0.0938203430102497,-0.213986733779875,-0.239487000266306,-0.100414702866372,0.00339514072647763,0.114864380252217,-0.168085169933582,-0.167581980721847,-0.206810604757456,-0.233204508929684,-0.0672755165453041,-0.0687514807317453,-0.0165990666775982,0.0231946157455807,-0.0117489164319618,-0.211239635381964,-0.184280185715374,-0.255051939823371,-0.298014829993848,-0.2056160592023,-0.1755975742955474,0.399855714176967,0.467658437931561,0.771573184269268,1,0.687368049037869,0.394851656092848,0.738629130666093,0.605367017751118,0.681111157965411,0.570395545675169,0.59976510893661,0.361521051592159,0.0242820371713206,0.443150704501087,0.10344834480642,0.381485725048756,0.256823108601432,0.369309220742643,0.0301473321280697,0.318858810523868,0.205429400886258,0.163041718467468,-0.0500152610289492,0.120569412697569,0.206907332370694,0.267241187437561,-0.134067588982744,-0.0488117279797452,-0.0540927204773657,-0.0352673720073938,-0.0394363337632591,-0.175962631026293,0.0952059844403579,0.0005928428301933,-0.147486555253074,-0.107919995818292,-0.0776125258336683,-0.206183086864216,-0.119452492544897,-0.0852875417583537,-0.315230327062132,-0.0862404685114435,-0.194451851830953,-0.239470547875082,-0.0787578637426067,-0.259737732061821,-0.291519244647873,-0.146356645212819,-0.155943669906939,-0.17237983341382,-0.0998227203326549,-0.0494724657017189,-0.216013283539876,-0.19297787536866,-0.120699881317491,-0.154057413659128,-0.0837975312926581,0.00300495410660198,-0.0468384863817078,-0.0991653540515717,-0.00311926723408821,0.0750242144140914,0.142211967776489,-0.0187935207938458,-0.115026887896181,-0.0217886659741618,-0.157062528791706,-0.10227243675982,-0.114456906978166,-0.133519971217351,0.03677127256009,-0.10860831432268,-0.136013503848573,-0.106612668834684,-0.0336985177778068,0.153503903575465,-0.0925784434090735,-0.107837930728972,-0.038413157632745,-0.147352040305271,-0.037816758232746,-0.173647223859326,-0.035937631074148,-0.118154146006751,0.00608596891285492,-0.0956788638289299,-0.133173698453803,-0.150499280707007,-0.131136277435816,-0.154319605792513,-0.191434187642199,-0.161427969323537,-0.0631182835620307,-0.145672698760832,-0.131725018339993,-0.0113050252958023,-0.0771404384947377,-0.0997549242185286,-0.135768087990194,-0.0718966682068546,-0.0747783864172087,-0.0738115968439823,-0.10118891568368,0.00734544569770933,0.018781453337794,0.0375509598043569,-0.0567347405278337,0.0109124769621524,-0.0871908540088011,-0.00681315127914645,0.0256247578610659,0.026998254470071,-0.00873749080099669,-0.0302023596525267,0.0178542251042476,0.0279338761699132,-0.0338564290818564,0.00318070434018424,-0.0376730935480039,0.0446779387822223,0.0639382346994913,0.0361864548820707,0.0922107231478838,0.0203097413223683,0.0406918746305495,-0.000649631157641816,0.135776909502894,0.0570735121411755,0.0152896784213129,0.00350942161617882,0.0465801689675441,0.071624193245011,0.0691345393479378,0.0987608107739403,0.09503794983629,0.0878725542569002,0.0531208502393905,-0.0134059903867961,-0.0914238682805279,-0.0465495229042008,0.108880985216323,0.0306115092715185,-0.0271631193029776,-0.0839966890956448,-0.130252225936028,-0.199527459506313,-0.146056560443738,-0.0245702120982706,0.072439866744789,-0.175820916338819,-0.144169011374261,-0.0923797279823331,-0.260839369425995,-0.176819088427248,-0.104186271366018,-0.0643906039920202,-0.0440538137415568,-0.071616747093033,-0.155886472067564,-0.107662134256358,-0.292050977964409,-0.35253171831101,-0.210511949897653,-0.2401570083443385,0.299180404710388,0.428155469087482,0.647189717646937,0.687368049037869,1,0.351656069873179,0.780716117260496,0.521764257935704,0.690819632927559,0.468998553181368,0.717902425362187,0.46719633005564,0.174476585058082,0.609967718801247,0.351397822079108,0.444628153891058,0.329970844341592,0.521563159805534,0.156995091206418,0.490392025894338,0.357020965660118,0.331821555540307,0.112347056569945,0.216692521226863,0.253092191384738,0.308498986825185,-0.011171604664246,0.0533589709609009,0.108496073702341,0.0159848105669834,0.00163230977088778,-0.0841858464398841,0.0972911966779652,-0.0592400906486824,-0.196278564414435,-0.213297144061257,-0.148369629761152,-0.262444648539879,-0.183537923556847,-0.190285256540713,-0.275177257964398,-0.141348682253625,-0.175672817355654,-0.197295607372871,-0.11804777416372,-0.173072177604245,-0.189355821192694,-0.111993968657798,-0.133070567792565,-0.168041049041157,-0.136495018692017,-0.0664052588421759,-0.245507443116866,-0.262756195068237,-0.132434935813842,-0.245872553218539,-0.179768596928484,-0.102109478006386,-0.17306788085237,-0.144326538257407,0.0461384446604826,0.161255589195291,0.127553721673215,0.0340240064949231,-0.1627130570656,-0.0681657916313939,-0.218485614775508,-0.112022071959249,-0.311379972420303,-0.226366970508927,-0.040761955325391,-0.221873052592249,-0.241473972025385,-0.165930877145937,-0.100044092913992,0.0930517511642731,-0.193308521849964,-0.187381765217015,-0.102399065370328,-0.196719249089268,-0.144467816562619,-0.151651908837199,0.00979387951728402,-0.193468271605309,-0.0944024197499855,-0.18190117172504,-0.285873726648261,-0.270523154424734,-0.177279739072891,-0.170318787854836,-0.28381349456041,-0.255126799272788,-0.181089369481298,-0.220772302890337,-0.201184002747931,-0.114063743026449,-0.202118081181394,-0.196585259600575,-0.278318930874228,-0.213045471688933,-0.187844981382027,-0.165824561704151,-0.221761038027492,-0.00138246472830791,-0.0941848473305893,-0.0593484222828061,-0.0769775769107291,0.0141990632701075,-0.142526555079963,-0.130465532981896,-0.0828683554162332,-0.0779109360824027,-0.0978242268539206,-0.104285438672606,-0.0383155413778782,0.00483428014662787,-0.0424300348119177,0.0355723167741132,-0.0848401825915219,0.0537953538931118,0.0737578942372215,0.126991260690964,0.183610900390989,0.0687824540795727,0.0012132455813594,-0.00752525342248852,0.0688077540134258,0.120140467193886,0.0742560783652085,0.0257508601767928,0.00893142736727961,-0.00511222979918995,0.0797371649094831,-0.0140207531015202,0.0359656313332242,0.11590970011038,0.132577320431539,0.0513690905645574,-0.0601949756662365,-0.0686873688431638,0.10294664477559,0.132682493376798,0.0525018177303145,-0.0142443241215633,-0.170362727216414,-0.193119901751493,0.0175489420697961,0.0916338170673668,0.0826065632924063,-0.104828651532193,-0.0676086297290161,-0.0594731472877919,-0.0856153709598519,0.0309524513631477,-0.00204113921724039,0.012240142579229,0.0196487314389615,0.00197979013355606,-0.0950787197319409,-0.0404639610728083,-0.116435065628012,-0.165217991423636,-0.0858394031459726,-0.06820507391261966,0.188475683540798,0.0644573124648554,0.325234667823764,0.394851656092848,0.351656069873179,1,0.430517088583535,0.399778125187411,0.309782677777913,0.177667903903824,0.25489368159583,0.124105358111411,-0.0163954461700519,0.270610098596654,-0.0403208762814408,0.16420819062339,0.125758711235557,0.119088197457503,-0.06318551771458,0.0489457968395827,-0.0549799272806555,0.0890177211039644,-0.0662930406933598,0.0268164275323232,0.0346831631807559,0.0587641863584608,-0.0598961899531939,0.0230486066771916,-0.00958950053865095,-0.102677877903131,-0.089983914608975,-0.126774869404214,-0.0321019161190557,-0.028670867142775,-0.165043614044478,-0.145849123328081,-0.116571977927509,-0.153074352452911,-0.124562518812699,-0.107676829600081,-0.154226115420219,-0.0712085117377106,-0.0337508338029492,-0.168952293679328,0.0612546323261139,-0.143844003395756,-0.103940351843891,0.0397657924567995,-0.0130967538385215,-0.0706769364556406,0.0983617221098146,0.108755530053392,-0.052179419445388,-0.041139531750479,-0.0883279404317908,0.023041267485053,0.0189202982228429,-0.000610445381622847,-0.0528724644051189,0.0521451580199284,0.00964517460465931,0.0304285783174475,-0.0597105007598245,0.0108475376800014,-0.0695356845192481,0.070319809912367,-0.0326313130416598,0.0189892531608085,0.0248645382561065,-0.0404128067569329,-0.0306185010665018,-0.0135459181447227,0.0199262316403891,0.0669879630218633,0.0614395695824736,0.191894001207168,-0.00634563391837469,-0.0199683975091872,0.0502948281059016,-0.0502230584155032,0.00820809620775714,-0.0884231224449907,-0.0459741793490786,-0.0706417564470779,0.0488618931062267,0.00972776919934295,-0.0797493344921708,-0.125267783017958,-0.0552953359505124,-0.146897903508078,-0.0560268543536971,-0.0181933441769265,0.0467334581821412,-0.0413808614076964,-0.162054600275108,-0.0642313642484838,-0.0329377059617938,0.0546796262344148,0.0131119951060696,-0.13394846865168,0.00611984678189067,-0.0249020849645104,-0.0671459475366987,-0.0671068939291648,-0.0023890119515837,0.0663648863717402,-0.0539223659462638,-0.0734551122776883,-0.0677200330740776,-0.00632890188391316,-0.0175888696806003,-0.0658273948287196,-0.125080958753408,-0.0536737393765925,-0.116582639060595,-0.0906397210576025,0.0750222688040843,-0.137456432412416,-0.0192130844588444,-0.132783780762568,-0.151191554350136,-0.0898762980604085,0.0489391366224635,-0.0478110910550384,-0.103829508623186,-0.0619858221324652,0.183228234041384,0.0935775823890268,0.0703484446606394,0.0604699285961632,0.0879043178042816,0.0587700472834473,0.101517213857994,0.0564032551582304,0.00988831172370229,0.178470804353193,0.0588839961770288,0.0784748115735768,0.0965169406224433,-0.014337574589707,0.165747707336816,0.171668813724945,0.0790275601285131,0.0711561989748754,-0.00475586477339586,0.00570707701465961,-0.054511547882279,0.0106450017494148,-0.128467514641001,-0.0909269006647717,-0.0895796565160069,-0.134312373752847,-0.172059771109332,-0.1390182894519,-0.151931753510722,0.00261413627194899,-0.0839192595696231,-0.000660371444263767,-0.187725491064118,-0.221662068995789,-0.113936457685061,-0.140810013192271,-0.165486435553757,-0.1389665352848897,0.368243090895855,0.45011024554095,0.676192326797512,0.738629130666093,0.780716117260496,0.430517088583535,1,0.69391363857838,0.829252620720845,0.522623658430294,0.689158046217536,0.290544420726521,0.121180296002393,0.58883325469416,0.238443900248131,0.522713300485853,0.412236953609598,0.535086014650529,0.059444489033377,0.399213141614573,0.274101179354457,0.28539987820422,0.0525142591296611,0.207046200955301,0.229853745483221,0.288018782237393,-0.0691538904937338,0.0320173489158471,0.0342761468466367,-0.00101772463211059,-0.018374097573857,-0.0897065366905806,0.06330274752744,-0.0618512343973836,-0.176445849535096,-0.182354858950447,-0.136638347469749,-0.186776429841056,-0.0776083820264703,-0.0992054767389695,-0.290633292895295,-0.13999312172142,-0.199251643623636,-0.2061419211231,-0.0757703801466783,-0.197347357723848,-0.16220376201407,-0.0710770182667707,-0.0974701827761744,-0.140605569396251,-0.117933215236164,-0.0549762862660892,-0.248953906506867,-0.27104035605808,-0.216847877682464,-0.188712557895647,-0.0736237206084637,0.013404671798571,-0.0359881039636949,-0.0783658375198666,0.0221358766895467,0.146140815469091,0.106135915950334,0.0566891071428494,-0.114158609600675,0.0611358655129373,-0.149064058464224,-0.106360532679819,-0.220195074768574,-0.177695500329109,-0.0134221263164576,-0.22323506988277,-0.231454826238203,-0.171938963401424,-0.0955896705482713,0.170786881839214,-0.214842160774594,-0.217466935955029,-0.178892350918108,-0.225775684673675,-0.206076223925263,-0.259525197205552,-0.0124710206557582,-0.264667336962589,-0.0944671139364339,-0.187940559197535,-0.29280745787416,-0.275232579770762,-0.217393475652892,-0.163887120677482,-0.282629336143299,-0.243743546638701,-0.122982435042694,-0.216348526266356,-0.243144052274699,-0.116764814646713,-0.210453847229458,-0.15336225219224,-0.161118059134445,-0.151837246225554,-0.132427047630382,-0.060228946964498,-0.211071568028952,-0.0466263307098514,-0.000830800315915203,0.0046491353907343,-0.0461966361299629,0.024443886898971,-0.181647627025869,-0.0943463273110202,-0.0780291786695695,-0.0686952101734005,-0.0302793457695416,0.00741757190313606,-0.0953963220501825,-0.0393624490625619,0.0309434154490623,0.0217426656690242,-0.0222411798232037,0.0478405838991974,-0.00913284887817934,0.134772664821337,0.248443670294322,0.0952422461768309,0.0984831918703729,-0.0194172513415981,0.103794600843364,0.111169551177476,0.120638869022357,0.0518747392236062,0.108656543699353,0.0048818510007911,0.152727403904038,0.0766974773751197,0.102183091718827,0.205022738885311,0.134389778706449,0.093561737168356,0.0216001226539233,0.00983008270517913,0.240931860936715,0.161964693699994,0.0823002511126821,0.0243368971168416,-0.0719913235048855,-0.182583685265824,-0.078179604172929,0.0202654636866693,-0.021838442936805,-0.162395097522638,-0.103585994514341,-0.12001152999198,-0.191453979379749,-0.150419936009138,-0.122194167151408,-0.0805881911232789,-0.0811483509575909,-0.00446100636005053,-0.19885988574882,-0.166283691847983,-0.25039773142132,-0.316369266284582,-0.196557285973388,-0.2376852416690418,0.318608879664241,0.291975574860085,0.525095292286395,0.605367017751118,0.521764257935704,0.399778125187411,0.69391363857838,1,0.567126461607779,0.401651327567364,0.442230802348285,0.210714181591563,-0.0277430234583844,0.42256300917868,0.210076789562663,0.369665684981359,0.251688949453412,0.311655379365795,-0.0705445936283135,0.204213638740126,0.0970174641104027,0.151573302077115,-0.0324610987547768,0.0209674601405216,0.177163494191774,0.208194040911866,-0.165555486403531,-0.104908424022884,-0.109558250524222,-0.0398689304653341,-0.0276200022575659,-0.113381054703515,0.0356310251148294,0.0724821190373522,-0.0989639460928479,-0.0786243561977237,-0.0877340206907535,-0.154783671810776,-0.0538894915848001,-0.131476111769243,-0.304912397017054,-0.0201551302044438,-0.161351363533598,-0.200243247383398,-0.0146953896061039,-0.213634512758984,-0.194670832323752,-0.0480910143502859,-0.0731812700225802,-0.122246410210064,-0.0399851027667547,-0.0204289481286951,-0.152236603469757,-0.195907475928485,-0.15977574654993,-0.115014928882184,0.0185619868435578,0.0651617327072044,-0.00126712356666502,-0.0141263256130422,0.0174235561593603,0.0654012496137686,0.0259339246152421,0.0414574747293662,-0.0193171541619334,0.148204856260501,-0.0248152338668342,-0.104195632030355,-0.0988113794467137,-0.129282264350618,-0.0132358420274392,-0.154290237342272,-0.147090755085492,-0.0893809606732077,-0.0322850182859264,0.0999666978974835,-0.0989490243144394,-0.177109651915479,-0.146906970557411,-0.138351506384016,-0.0787502585455067,-0.185916999573347,-0.0123120678408983,-0.104713770770565,-0.0210752959773076,-0.130265479328295,-0.143988035402532,-0.189534759123359,-0.120247600769197,-0.151074992186081,-0.151434202266995,-0.157577628055767,-0.0645217363485699,-0.182557574821509,-0.182113366441497,-0.0240258722536763,-0.119357111114603,-0.0808011045848551,-0.0776820278865572,-0.0509735962780063,-0.0788399439879505,-0.0932516682120385,-0.127138649024133,-0.0411845966161711,-0.00314947283608653,0.0295429324464064,-0.0308009583699365,-0.0154230515607223,-0.134577931857773,-0.0217240309270788,-0.0124958031890574,0.000282601424406447,0.0315377005076468,-0.00873923129794213,-0.100704633053801,-0.0485215921735381,0.0129336225177062,-0.0430581376494429,-0.0150142500964766,0.00598118284143864,-0.0591037264386384,0.0523442944575797,0.150292385696405,0.0689660630578805,0.101471093798488,0.0058842415710315,0.0200237044382146,0.142782416347892,0.0817341706052166,0.0509409937707118,0.0534049252037298,0.0985683885735759,0.10623420819427,0.0547584094257833,0.102538943255642,0.178609776205396,0.0839994037396399,0.0954985283184056,0.0698912490745073,0.0893964697589807,0.191278302074698,0.110035036350153,0.0257681856615596,0.0711143680602102,0.054552372821032,-0.113274806953649,-0.146078581040602,-0.0345474497465388,-0.0512838239413809,-0.0987240185322494,-0.0242912762507572,-0.0632839815492584,-0.201811861009261,-0.158170651646898,-0.114393380994267,-0.0220987805292864,-0.0338077520578294,0.00725523779928919,-0.153988575637258,-0.141669775633099,-0.300362262287535,-0.340511686168678,-0.249318985014101,-0.2755941776137179,0.341662848912783,0.492278424849478,0.648591663838361,0.681111157965411,0.690819632927559,0.309782677777913,0.829252620720845,0.567126461607779,1,0.667564729414704,0.824910370367272,0.33674260161745,0.177386905708212,0.640901057146158,0.223116637973979,0.672084840620122,0.507330030319155,0.737684304229488,0.234501515402045,0.594604075572674,0.274539151299241,0.348151901323451,0.135155539716512,0.18731822172426,0.287155107900271,0.369321271496446,0.0355920644736988,0.146604183212764,0.0917919543070357,0.0767261545906018,0.0413059262168031,-0.0679575405640311,0.0412553326721545,0.0291691593428405,-0.115728899164834,-0.17533810897768,-0.118683409827363,-0.149490321107151,-0.0334641657760764,-0.0185284754828347,-0.34923000166539,-0.256982618729543,-0.233650860307291,-0.26617346215235,-0.124650566852464,-0.302645975327149,-0.228039939724307,-0.140378990809863,-0.236523407554685,-0.298638587274732,-0.176783977881946,-0.053661139541233,-0.358812272503094,-0.32206972740559,-0.25430760120084,-0.245255353481013,-0.102987601666136,0.0261859919123595,-0.00361841337922802,-0.149119758003409,0.102705157496412,0.216148336364208,0.158333845597358,0.0667940100861864,-0.0584201874613608,0.077898478597238,-0.116907553836003,-0.126192239807033,-0.205497289625461,-0.140354359286644,0.0110723993639299,-0.23960710065608,-0.251373160276717,-0.170282554726276,-0.0786543459483678,0.111886178883178,-0.243466049555092,-0.241208168835538,-0.17731069860291,-0.25979811250254,-0.253629165693588,-0.267264560327407,-0.0425411794756177,-0.309693373043197,-0.11173448977633,-0.185787708382433,-0.296710063076604,-0.259316133227498,-0.201200425551015,-0.0740422898951912,-0.295405626135825,-0.264767543517675,-0.144419645532779,-0.209015467789547,-0.235954265608623,-0.155205391755887,-0.12238061873442,-0.193325412192655,-0.140554161349591,-0.0985687247443139,-0.205050189970598,-0.114893213347003,-0.170982687130528,0.0192977716856451,-0.0338581690587553,0.0362488686758316,-0.00886828954301293,0.0543183525928703,-0.112988275714395,-0.0200245590823708,-0.00409769576754644,0.00317351326340045,-0.0041741661848936,0.0351720688109939,-0.00992651230722279,0.0134428684954253,0.0159830982320709,0.0746214660305981,-0.0192973469954366,0.0747778362118381,0.00717786397977452,0.157640140219915,0.230810280756775,0.103481095280631,0.059187749640054,-0.000448393448447929,0.119912655868205,0.139317636893001,0.1412448144083,0.0779086084132891,0.0984586328557871,-0.0284887575785176,0.185336142263041,0.110345649186084,0.129514859760903,0.184537088282039,0.162063188775498,0.108778459349167,0.0194715303938276,0.0142251534071019,0.256042798220439,0.159144891528564,0.131772652782123,0.0237843384468508,-0.101191767702364,-0.232658237356468,-0.142060262326775,-0.00971797673118677,0.0368670946506964,-0.241070845406884,-0.163020353823545,-0.17294891461249,-0.289313639373405,-0.241217474191533,-0.147341954312259,-0.199695880326727,-0.141221746191015,-0.0991786296833635,-0.306685570576731,-0.239369465636841,-0.334619864754315,-0.378395702241543,-0.251817704067367,-0.31945227262124110,0.324286471688185,0.396417198890859,0.542038571257188,0.570395545675169,0.468998553181368,0.177667903903824,0.522623658430294,0.401651327567364,0.667564729414704,1,0.589291839148868,0.273396781030188,0.147841701047586,0.404326678870621,0.13606812136036,0.455139093575047,0.363489080650851,0.491231982627573,0.0797292813476051,0.378426204669252,0.210310622293796,0.136040834388088,-0.00398431560675426,-0.0902689158886567,0.104943642482103,0.196889533188868,0.0335875943148747,0.00832989788789999,-0.060846247433182,0.0198309681510138,0.0301895077126529,-0.20268065061011,-0.0170031736727068,0.107674899830255,-0.0734023738731209,-0.0691127230751417,-0.0515267501828454,-0.136475501807518,-0.0764476748976975,-0.0129804769191739,-0.338716392155359,-0.196487860279664,-0.271207739633063,-0.262497129421965,-0.0186207780079889,-0.309765669484578,-0.233766922655969,-0.145335795623034,-0.225238160001221,-0.300963354171268,-0.0538127453399904,0.00315010865824308,-0.219331954247548,-0.21591011097357,-0.127052884161388,-0.113932894336289,-0.057795281687425,0.0185723180334252,-0.0120089656465881,-0.14086741089434,-0.00975455524514386,0.0361396641142169,0.055976200587632,-0.00228462264242484,-0.111014682723297,0.0731479376228262,-0.107655610398602,-0.103001749202032,-0.126050114833689,-0.115281811102773,0.107363059050591,-0.120284321960246,-0.118030763853746,-0.0540132725168713,0.0204040977968453,0.140408255589424,-0.0971578631674696,-0.0788529033328299,-0.0339853047943354,-0.12772633226357,-0.147677565060807,-0.240557468907104,0.0475694611067009,-0.205268503449514,-0.0962438856165545,-0.130606262289855,-0.165175706833448,-0.165466661600591,-0.0908596253233149,-0.0232848570714686,-0.221595147269561,-0.221632951914402,-0.126152493097309,-0.170998504694001,-0.162588667793828,-0.118547700730718,-0.0929508687508736,-0.209588020819338,-0.13999871835057,-0.012320648028808,-0.235916784780594,-0.204023124184218,-0.210472966972904,-0.0144273524605309,-0.0620855732980778,-0.0188874332086723,-0.0614913023805461,-0.0131364465337286,-0.0685995291803529,-0.0299443903556355,-0.00200360267891011,0.0256847247732197,0.0294171522994433,0.00998237525074525,0.0261659925712645,0.0183988140780494,-0.0732651173892902,-0.00306440420373514,-0.0860103918815183,0.0208051264287105,-0.0309887934445992,0.0524323926492541,0.0822235344186614,-0.00408261775928378,0.0252991448329879,-0.0456530464294854,0.0942541145996892,0.0663636380485756,0.0635978760083962,0.0449511501351579,0.0445656420244678,-0.0137011037475088,0.12842006837439,0.117131352403516,0.202333124490654,0.101685098866286,0.0570270669013898,0.0916457460080008,0.0482660982718681,0.0616851289887164,0.206400460984637,0.123722818056381,0.0674017454833319,0.0121879456589554,-0.054427668485858,-0.106654860265028,-0.0449743530162694,0.0302964831530124,0.0808983673389891,-0.119557529200969,-0.0913629478693663,-0.130600377726014,-0.186022712628312,-0.140201253871013,-0.0742318276266258,-0.0747297257981365,-0.000935682589792246,-0.0485795726968486,-0.139935027605795,-0.0343997602634677,-0.275391082387713,-0.283703444345874,-0.144492590372199,-0.20203641045473211,0.338895799443102,0.490539385353818,0.619871344182838,0.59976510893661,0.717902425362187,0.25489368159583,0.689158046217536,0.442230802348285,0.824910370367272,0.589291839148868,1,0.432586685349988,0.220618085580485,0.602649363555298,0.277804400502835,0.506503127139771,0.39536616485699,0.664014646658069,0.321943390568659,0.611698602413641,0.308001330280046,0.378580276212766,0.184772647309693,0.216356581015011,0.302733121421888,0.343503657274107,0.0277012571828651,0.153189535539788,0.0975355795871224,0.0512710029187074,0.0318617726223409,-0.0832041543037973,0.164376527538496,0.0299328834046215,-0.0819390443152159,-0.185897675296105,-0.109426950556704,-0.150290172424935,-0.0393666845007723,-0.0619270137741191,-0.237981991639599,-0.221075757094587,-0.221658978897938,-0.181682776339038,-0.0749390995394584,-0.233535508995976,-0.205752131457471,-0.106763453445522,-0.203643687519247,-0.254334494087638,-0.201861561470651,-0.0874400608936468,-0.336436660439592,-0.281806306676,-0.178900642931758,-0.284567558030196,-0.178454556028074,-0.0600315649374841,-0.107224587674245,-0.198898891888816,0.065251512335334,0.168281542553876,0.149305965980967,0.0343768005571504,-0.113477090981225,-0.0302061453690442,-0.163171523280346,-0.202349651706055,-0.318276877263659,-0.211201357281905,-0.109814878249197,-0.287344747172604,-0.305486641909762,-0.212414662685424,-0.137095739523128,0.0109938819921844,-0.251677250918412,-0.241473496568179,-0.102810335143959,-0.222727113229944,-0.224633028153126,-0.142024673344437,-0.0156985900203524,-0.245164271893384,-0.0895269866184735,-0.219994915149688,-0.299635789168917,-0.268556500859854,-0.148039707839157,-0.0808112419167924,-0.292366917078238,-0.256724064655411,-0.159288530523491,-0.191647959256859,-0.223123425767953,-0.110748030829354,-0.129410313632701,-0.199583697957294,-0.203907207685516,-0.107198019022657,-0.212496674132908,-0.156771960652684,-0.195575738228078,0.0159565027875217,-0.0913930581903249,0.0297551713485284,0.00931118659356575,0.105402809718223,-0.0357090447155457,-0.0254315520080897,-0.0186735339690161,-0.0290969852516699,-0.059291532656284,-0.0267033326091595,-0.0223230360120951,0.0176861801496966,-0.00516576766248184,0.0775701179295296,-0.0212978708430548,0.121537414091156,0.0804148633975537,0.17003854404177,0.204277868447517,0.118791840572655,0.05605614646892,0.0462560082414557,0.114210623153782,0.104081436284536,0.103186579312272,0.0726785223940324,0.0447406016495907,-0.0881601779285578,0.130526884911546,0.0799111099239141,0.117220217471707,0.139827508438003,0.164261360512402,0.076148325451431,-0.0508590722927616,-0.050279648918528,0.13843545307353,0.104563031840497,0.0961891778355191,-0.023600477011737,-0.163697217008819,-0.242436001940161,-0.104893315688617,0.015168621009406,0.12741767122974,-0.213060879420798,-0.153584852069518,-0.15444148932331,-0.218859141820909,-0.119954604206514,-0.0654203767936124,-0.156619920530573,-0.0903802734968419,-0.10109533387386,-0.255065102483878,-0.200139962807167,-0.230843353455693,-0.268709927398838,-0.168802473742065,-0.16565898243123712,0.138872813492882,0.213886406039521,0.398325590578206,0.361521051592159,0.46719633005564,0.124105358111411,0.290544420726521,0.210714181591563,0.33674260161745,0.273396781030188,0.432586685349988,1,0.0280833124042459,0.366001893313213,0.240400928407266,0.267092049753974,0.143448284897757,0.334241293985646,0.130751742015028,0.324132510025033,0.190726560119139,0.270342805868553,0.112586340155312,0.046898601055637,0.204897002064729,0.236214390392266,-0.0136948112162804,0.00418605786526514,0.0689463414360535,0.0695752443777237,0.0339161514216258,-0.0802436022241849,0.192541848282594,-0.0180533829495225,-0.115658518036179,-0.143764121817547,-0.124800200015907,-0.29115733964732,-0.281511917033209,-0.223680521332672,-0.317985163488469,-0.14271088542689,-0.16869644461365,-0.274847125462977,-0.149033466279797,-0.236638219463086,-0.0615104859835829,-0.0862464323696039,-0.179959662911097,-0.261793572181401,-0.133209702352327,-0.00582483240422036,-0.269635970424291,-0.205001546175958,-0.0391871641824431,-0.288445173064145,-0.302892295206196,-0.223173033533927,-0.369702198618836,-0.140986297961747,-0.072690784232699,0.0701841406297861,0.0605762410490946,-0.0487396748452874,-0.177534258170183,-0.0752451123666292,-0.279477051967248,-0.104962613078959,-0.258316557577283,-0.251082937873401,-0.0298547412237575,-0.163205704464438,-0.185166296038066,-0.09786008376778,-0.105722301718433,0.0301250310703085,-0.10670721212392,-0.115215276729155,-0.0199632987592517,-0.116339918947913,-0.0612255053121103,0.0511949189206987,0.113748688970773,-0.0336344963830897,-0.152756700957238,-0.195807867783766,-0.15215809107994,-0.126961091092402,0.00228531682816405,-0.229858216237239,-0.109348908577994,-0.138323247457509,-0.149356669434846,-0.115805935751439,-0.0505643651984684,-0.0294901037088116,-0.0283700875041014,-0.0294814274881746,-0.225425470021063,-0.169605616141748,-0.0967889565314537,-0.153071979360782,-0.0903092541008817,0.0607909614053205,0.0118588731939337,0.0210189588379795,-0.0462449020503518,0.069318963561424,0.0725231922778742,-0.0410735309433326,-0.0652088572893752,-0.0718470015002071,-0.113779317801171,-0.133389365406413,0.00327266814412203,0.0503702003049928,-0.0544315454090364,0.00226519789876573,-0.153955895491214,0.0474757389823843,0.0562305861633209,0.0671252467163852,-0.0114594593870813,0.0818787976964463,-0.0020994382660717,0.0547768116780232,0.0292332018983866,0.193233327859822,0.169198168213192,0.147294122775313,0.0453742869957165,-0.0132417446595408,0.116398101863321,0.0478600589317835,0.0347269333004913,0.160773965978032,0.156970544982312,0.101337620037982,-0.00641419451134517,-0.0793505230643372,0.163613950543368,0.19938070635358,0.0167350143982721,0.0888191697335779,-0.0587058752303038,-0.217642145863429,0.0954372140961795,0.221767764937388,0.199244220595133,0.0424133565780041,-0.000856705929044281,-0.0768849368792474,-0.000347689286474174,0.0547260785154866,0.0256187998739857,0.072606608477787,0.111420397512073,0.0909094010975855,-0.112985848319075,-0.0363982043461294,-0.0848193670284304,-0.095367860513653,0.0172628105751039,-0.040690481265086913,0.0920559757472398,0.115607515299708,0.0977078087710175,0.0242820371713206,0.174476585058082,-0.0163954461700519,0.121180296002393,-0.0277430234583844,0.177386905708212,0.147841701047586,0.220618085580485,0.0280833124042459,1,0.120427427229107,0.1959914329199,0.117461731554591,0.161520114365775,0.188541346666956,0.132873138522003,0.103107549091571,0.141860097716317,0.026010701825405,0.0345267328048824,-0.0601215506387187,-0.047467519868043,0.00530938147861093,0.0604516513150514,0.103058283699115,0.0922308449037305,-0.000332660069667447,0.00578734164057841,0.0411440773197127,-0.163479626324651,0.0327949425255229,-0.101028250750263,-0.0754706731179448,-0.0153632111742796,-0.151184701648966,-0.123424112383343,-0.0747423676948608,-0.0592765532085669,-0.134484517767762,-0.0188860277057437,-0.065652132835606,0.0181112240561215,-0.0869971284110308,0.0141867645818214,-0.0991389367996394,-0.108040295579777,-0.151283866724527,-0.016269995743642,0.0010640248026388,-0.0862864141672905,-0.10416782623185,-0.107186739403409,-0.0691694725589752,-0.0915348319595078,0.00390572013021593,-0.0203217939277987,-0.0359410333578659,0.131549307163552,0.0267534094845143,0.117341775124758,0.0568097715018549,-0.0513302238489606,-0.0408426103410265,-0.100563653004976,-0.126271818550514,-0.127625400761154,0.0527203280118922,-0.00902035886050879,-0.0758248915715082,-0.0737110670520169,-0.0732922387989776,-0.0985778805629419,0.000887940581254096,-0.093629269082058,-0.0650517504538334,-0.0839136306838841,-0.126823060169644,-0.0446527677771072,-0.0281992254054139,0.0136251491064102,-0.0507466355636373,-0.0221771763897026,0.0987747231692805,-0.070887305051851,-0.0637959904412882,0.0660706370219515,0.177831462142318,-0.104105355268544,-0.0735175383288372,-0.0395871466831615,-0.0680304007776096,-0.0836068644192799,-0.139991383288207,-0.0895296013779723,-0.0855586725369708,-0.0920151215722629,-0.0154728112629569,-0.10068225730121,-0.112001213980925,-0.213549260373154,-0.180245245563915,-0.0273243215580579,0.0114681532691679,-0.00626